95437
99301
95819
98682
98012
97006
97007
98052
97701
97229
98208
97045
97301
97124
99208
98115
98103
97206
97402
98391
99336
98225
98632
98270
97223
98105
98023
97702
98003
98387
97123
98118
98133
98042
98661
97504
98092
98902
97501
97401
97405
97080
98837
98223
97305
98226
98058
99205
98034
97202
98801
98125
97330
98501
97219
98204
98374
99362
97303
98087
97236
98036
97233
98503
98033
97478
97230
98122
98032
98059
97756
99206
97302
98030
98277
97030
98026
97128
98198
98006
98031
97477
98584
98604
98908
97222
97322
98290
98404
98004
97527
98203
97526
98038
98513
97266
98056
98117
97224
97211
99163
98155
98502
98366
97203
98926
97217
97404
98444
98011
98001
97267
98002
98168
98683
98258
98662
97213
98229
98144
97306
99337
98901
98607
99223
98445
98375
99352
97304
98499
98021
98802
98370
98312
98273
97471
98027
97086
98296
98037
94903
99207
98109
98512
93654
95117
97355
95682
95824
91731
94602
92405
92110
95834
98272
90302
92653
97008
95966
98367
91356
97071
94549
98201
98685
90028
93704
97132
91746
91324
97220
91792
94704
92081
97068
92694
91803
94585
94131
90039
95603
95212
98684
97603
93035
95134
96150
98007
95492
95219
98029
91384
98466
96080
98271
90041
92604
97502
93314
98382
93401
98338
98074
98498
94518
92316
97062
95204
92262
90038
95133
93105
95961
94062
94510
95829
90713
93901
90405
93280
95370
90710
91364
98311
97420
95363
90061
94598
98146
90017
91103
94559
98107
95618
94306
98116
98178
90270
97116
90035
91945
93725
92227
92614
95409
94002
92008
98284
90746
92868
97321
97035
91042
93960
90291
92629
97214
92860
94607
91755
94133
91741
91504
91724
91302
97212
98665
91932
90249
98372
90240
95242
91010
98373
91307
91301
97005
98119
97140
92284
92606
97838
94530
91411
97225
91784
95032
98531
98102
95503
90304
98106
90064
92532
98409
94803
94123
91740
94947
92832
98516
98008
94402
98040
95815
92411
91030
98335
94547
90602
91106
95677
98112
93933
97317
98248
95945
99216
94506
95003
97520
98188
91403
91737
97070
95367
90274
92211
91775
95354
92119
92651
98626
95054
98110
90303
98055
95215
90740
98520
93041
92011
97013
94619
98532
98362
98075
98597
92251
98072
95746
95776
90403
99354
95531
94609
94024
98126
98108
97015
98405
98944
95969
90292
92835
98664
93212
98406
95864
92344
91202
95501
97333
93907
91201
92602
96007
94085
92844
92277
94597
92782
98671
90404
94089
90732
95330
98028
97601
93610
98199
93203
90015
94030
92118
97060
92225
92108
90720
98292
93263
92354
95135
98053
95620
92663
98383
92585
94579
97338
98371
93560
94596
98221
94703
99224
90272
95818
92501
90603
90717
98422
90048
98166
98407
91101
98275
93444
95841
94706
98022
98043
99203
94127
98408
90068
95405
95521
95949
99202
98264
99004
93630
98177
95138
95827
92865
97058
98310
97801
93103
94019
91501
98686
95965
99403
92808
92377
99212
91011
94503
97754
91361
90715
90069
92106
95391
96130
92264
91040
94519
92887
98642
95110
93023
97470
95519
98433
90814
91602
94563
92603
90254
98121
92586
98020
94022
97914
91381
92029
90210
94564
98005
91390
91345
94945
97209
97215
97055
97031
91902
93927
93268
91204
92082
94949
97034
98332
91506
91723
96161
95959
93210
92371
93247
92270
97239
91901
94595
97201
93015
90265
95366
97424
90502
98274
99344
97103
98230
95602
99217
98942
95448
91914
93111
97850
94618
92587
92582
95816
92617
93930
98506
95334
98282
98136
97051
97216
99218
94702
93110
90701
90245
90670
93013
95673
94301
93728
93402
99338
94556
93241
94305
94505
98233
92610
92010
93631
92845
95252
96022
93250
97381
99353
93648
92637
96021
98065
98368
94960
91208
99016
98321
94612
95422
97038
90623
98930
92866
93950
95963
95203
98467
91203
95066
98045
92274
91436
97218
94507
90305
97524
94552
97113
95650
90232
97439
94502
94542
97386
95130
99037
94041
98104
95315
95605
98663
93543
90716
95304
98363
95540
94805
97415
93514
94108
93221
95388
98903
95368
97141
93723
91377
93505
97089
95817
98360
97232
94517
97459
92408
98579
92014
93433
94705
98101
99350
95030
98077
97403
91108
97408
90212
95360
93636
98948
97448
94904
95490
93204
93640
98674
99201
99114
93923
98057
95320
97503
99006
93730
92075
94920
90293
98951
91105
97741
97739
98660
90013
92313
97027
95742
97221
94065
93908
92625
95954
97814
90040
93301
98848
97361
99019
98148
95832
93614
94709
97862
98019
95948
95814
90402
97210
94707
95357
92055
93646
97056
90248
95451
95640
90755
98424
98329
98528
98580
92007
93647
98446
94708
94965
92314
95453
97365
98550
98823
97351
91207
95073
95425
98390
91024
95953
93442
94105
95338
95012
93109
98328
93223
91502
97138
92567
94571
95386
91978
95694
95064
95713
98541
93108
94572
95322
97024
93622
98070
97457
93219
96019
93701
95326
97426
97383
95119
99021
97023
98346
99320
93286
92310
94925
90094
92657
98247
92254
96097
97367
99324
97479
98252
95006
93546
95033
98327
98611
92252
98418
98841
99349
93465
93926
92359
98629
97487
93644
98606
95946
99005
94931
93620
95010
99022
94574
92320
94930
97370
90014
92250
91020
99156
97009
91935
99026
95065
97540
94158
95726
97378
92655
90077
95324
95988
93449
98403
98250
93625
90211
97882
92325
95327
93463
97759
98563
94710
92249
92548
98596
97048
97496
92067
92241
98620
95005
98589
93721
90056
93510
95932
98815
95220
98826
92233
94515
97537
97205
93434
94027
95019
95139
93234
97411
98577
98354
98239
93022
98337
98675
98294
94028
98047
90401
93445
95642
96067
98953
99001
95693
95316
97392
97325
98465
97530
98024
98672
97760
95631
95018
95658
93267
98014
98936
92276
94939
93591
92342
98625
97146
97423
97002
98388
96094
98922
92356
99204
97352
93924
98315
98331
99326
99027
92624
93615
93240
95683
98569
95811
95436
97016
98402
93427
97707
97446
92372
95202
95626
98855
97391
98816
98236
95987
95971
95046
93428
92861
93656
95619
98260
90290
97444
98010
92352
98443
95470
95467
95709
98439
97523
95249
98932
99025
93256
97535
99141
95912
93270
92363
93460
95672
96101
95692
92315
97394
93609
95446
95231
95666
92003
92590
98812
97227
92210
95722
99109
97114
98576
97032
98359
98365
95222
97467
97630
97106
92278
97913
98851
92823
98840
96013
93501
93225
95365
97133
92121
93272
94005
96088
95685
98349
98640
94951
92397
92539
95228
96064
97119
97374
98524
95328
93451
97026
92382
98051
95938
97720
91906
99003
98237
98249
98232
97458
95614
97525
95665
97148
97362
97101
93202
98844
97818
97004
99111
97918
95004
95045
93235
98257
95236
95633
99357
97761
98570
98266
95655
97127
94129
97844
99122
98251
99009
93660
98380
98935
98937
93953
95247
91708
97115
95379
96073
90704
97231
94508
98333
93675
99323
97463
96055
95053
94304
94535
98245
90010
95627
90089
95423
92140
97462
95917
99328
98601
98947
95623
95237
96035
99343
94111
95383
95258
98857
96143
97624
97111
96093
95634
93523
95321
93602
93242
95546
94038
92661
97734
97017
95562
93437
97022
97327
97396
93265
98591
98610
99011
97368
93921
97539
98557
94525
98546
98039
96114
96122
95982
91330
98631
96137
97053
98648
95457
93066
95442
98831
98392
97455
93650
97019
97064
97828
94964
97385
98240
99166
95684
97875
94599
92256
92536
98339
94130
98612
97041
98314
97042
95458
90021
97437
96041
95918
95536
98340
97331
93430
94720
98813
97845
97456
98261
93643
98938
97131
92365
97469
98244
90058
92230
95951
93532
97341
95223
92061
96032
95485
92275
97544
92036
92281
97380
93616
95428
93453
95329
97753
95461
97623
97532
98856
98295
95333
97883
92662
92549
98595
95460
95464
94037
99169
95663
93252
97358
93271
93285
98828
98568
98862
97360
98847
93261
92285
90067
93626
97417
97827
93667
96020
95002
97431
95570
96027
95669
92004
93283
92401
95445
92386
93516
95465
99347
98952
95690
98564
92398
98278
97449
94511
98548
98537
96145
97443
97435
95638
96025
95113
95454
91962
93925
92676
96134
95372
98376
97442
93205
97465
98356
92273
92391
93258
97836
91916
98858
99148
96113
98241
95469
97347
95311
92145
95645
97846
95975
93249
95310
95542
97112
97389
99361
98822
98843
98592
99110
97499
90263
97107
93040
93545
99013
95421
95567
93651
95441
98253
97018
98377
97868
96118
97824
97366
97738
93562
99133
95319
97067
99181
97452
95245
93553
93206
95689
94020
99036
98207
92283
95374
93601
99173
97495
97498
95524
98850
93440
95947
95903
97049
98624
95211
97040
93513
95560
95664
97136
99360
98588
93222
93201
96052
97348
97632
98586
95573
93426
98357
95449
93527
97541
98421
93920
92086
97054
95937
93243
96056
99159
99116
97497
93432
97344
98645
95641
95977
98547
97375
94514
98325
91905
97454
98394
92059
97538
92561
95528
96107
99101
95389
95551
98617
99031
99348
97121
95525
96103
97813
99161
95415
97014
95955
97137
93653
92282
98638
96028
95916
96051
95426
93461
97416
99126
93266
98351
99402
95962
98342
97324
95612
98849
92091
92242
95313
99180
99139
95323
97885
95255
92257
95468
93608
98320
97466
97633
95686
98593
97886
98846
97376
99185
95346
95548
95681
93239
96057
95968
94973
94957
93668
97488
99119
98923
97326
95317
97641
95636
96008
96023
91963
98303
94575
98603
98934
97110
93544
99171
95246
94956
96146
97826
98605
99138
95497
94924
95462
98281
95303
99008
97810
97865
91008
97438
92339
94922
95039
97419
99330
98304
95547
99115
95635
98836
98933
92321
96062
97204
93606
95254
97536
95369
92518
92368
98943
97021
99155
95410
99170
97346
91917
98639
99030
95466
97037
95919
97377
96044
95589
98416
97876
97434
90073
96140
94592
98650
97413
98649
95629
98565
95942
95659
97869
95549
99130
99029
97534
94060
96120
93441
97823
94938
95452
99123
97020
95701
97812
96039
97834
98262
97063
97820
99012
96142
95957
95943
93218
93624
93666
94613
93928
96047
96024
98355
96104
95230
97011
95456
94933
97453
97461
98134
98585
98358
95703
94586
95922
99033
98814
93518
96109
97867
94923
98326
95345
98651
96069
97870
97118
98361
93424
97388
95652
99341
92070
93254
97489
98220
95941
98323
99032
95674
95553
93450
95565
98396
98535
97481
93673
93665
95914
95552
97390
98587
99129
97429
94937
97833
99113
92327
99157
95830
98447
96038
95043
97345
96048
95439
98276
98336
92358
97149
98572
99040
97117
99118
97135
99023
97901
93932
95432
95444
95543
95615
96096
92347
94970
97436
92066
90742
99143
93255
96128
95960
95017
93238
92322
98530
97492
95563
95668
97486
97371
97639
94946
93452
94567
92305
95227
95306
97843
99401
97830
95459
93517
97108
97627
98635
97410
95387
92135
93526
95251
95651
96091
98829
95970
98542
98279
91931
99125
99158
95939
97543
95556
97065
97737
97447
98243
97522
99321
97441
98438
92678
95653
96148
98673
97531
95471
98830
92309
98827
95675
98946
92258
97638
96058
97841
97039
93954
97857
99179
99346
95233
96087
99134
96059
93604
93652
98941
98619
97109
96084
98925
91210
99102
99167
97910
98581
99103
95420
95714
92147
97412
94021
95554
97636
97907
95527
98644
96033
96090
98552
93224
98824
98643
97364
99117
95075
96124
97622
95585
92155
92268
98068
97874
98280
92328
95555
95041
97130
98050
99140
98345
94104
96016
95558
95385
93962
95979
97450
93067
96129
95257
98350
94963
96141
96065
98613
98385
95412
97122
99153
92333
97451
97733
93529
95564
95607
96006
97625
94528
96050
95983
93664
95225
94548
95493
95007
98538
96105
95569
97731
98533
97493
99150
96063
96121
97856
93563
95417
97750
97145
99363
95950
96075
97147
97430
98256
95956
98845
98305
96092
97476
98283
93531
97880
97001
98558
99128
95639
98267
97480
93512
99137
95984
99371
91934
96009
96015
98555
96054
97102
97906
98381
95920
98647
93244
91759
98821
97414
98590
95571
99135
96135
95837
99149
95435
97873
93549
99335
97134
95736
94940
98527
92134
96076
97839
97877
97125
96037
96034
98571
96086
95312
95925
96106
95568
99124
98621
97029
95637
97835
98628
95511
95935
97490
93207
94929
97473
97904
95537
95606
97825
93627
95978
93541
99322
97634
98940
93669
90743
98860
92378
98288
95728
99018
95450
92239
94971
93260
95427
97864
96112
93641
92341
97730
97343
97721
95318
99121
92385
97840
98224
97350
98526
98811
98832
96068
93251
98834
96011
93605
95526
97373
95443
97028
97848
97369
98602
98819
95697
94569
95488
97484
98164
98817
97620
99131
95717
93603
98859
97357
97050
98582
96116
95494
94074
97635
92389
99356
95224
96029
92060
93524
98255
98614
96074
95431
95232
98286
91046
95936
95335
95601
97859
99176
97621
98583
95698
93645
94128
95934
97329
93043
93276
93429
99359
95514
96017
98575
98833
95595
95463
93621
99329
96014
97604
99345
90822
96031
91948
97884
98921
97637
97640
99017
90071
96133
96125
96110
93554
96040
99147
94950
95910
97732
96010
93226
92259
93528
93042
95545
97842
97144
95429
98560
96115
93592
96046
97710
93623
98616
99160
92266
95248
93208
99152
94576
97736
95715
94516
95720
99151
98330
95140
93522
92332
97909
97735
95550
98939
96049
97342
97758
98364
97712
95604
95013
96126
97905
98222
98263
96111
93628
95646
96108
95325
97751
98536
95625
98235
97920
99039
95930
93287
95559
97911
97494
95974
93220
97722
98544
97817
97837
96119
98950
99174
95986
95679
96085
93262
95486
95587
97903
96132
97033
98195
98297
97406
98562
97626
96136
99333
98670
95981
97908
99105
94573
99034
97711
99154
96071
95923
93558
95944
94972
96123
99146
98641
92304
95724
93634
91608
95699
96061
98353
99144
99136
92384
97819
94512
98852
98853
95735
93530
95680
97057
95430
92267
92364
95375
99020
98174
98559
98158
98238
98154
99164
98430
91371
93633
90506
90095
91980
90079
93410
90747
92222
93519
90090
95721
90831
92132
95364
95915
93943
92280
93064
94850
96155
95305
95234
92338
95226
97752
97208
97384
